4294967278,39
4294967278,547
4294967279,355
4294967278,546
4294967279,354
4294967294,187
4294967279,353
4294967279,250
4294967278,38
4294967278,37
4294967278,545
4294967279,352
4294967278,544
4294967279,351
4294967278,543
4294967278,36
4294967278,35
4294967278,34
4294967278,251
4294967279,350
4294967278,250
4294967279,349
4294967278,248
4294967278,174
4294967278,33
4294967278,32
4294967278,31
4294967278,30
4294967278,29
4294967278,28
4294967278,27
4294967278,26
4294967278,25
4294967278,24
4294967278,23
4294967278,22
4294967278,21
4294967279,348
4294967279,347
4294967278,246
4294967279,245
4294967278,244
4294967278,542
4294967279,243
4294967278,241
4294967279,240
4294967278,239
4294967279,237
4294967278,237
4294967279,236
4294967279,238
4294967278,236
4294967278,541
4294967279,235
4294967278,234
4294967278,232
4294967279,231
4294967278,226
4294967278,230
16,5
4294967279,229
16,4
4294967278,228
16,3
16,2
16,1
4294967278,227
4294967279,227
4294967278,20
4294967278,19
4294967278,18
4294967278,17
4294967278,16
4294967278,15
4294967278,14
4294967278,13
4294967278,12
4294967278,11
4294967278,10
4294967278,9
4294967278,8
4294967278,7
4294967278,6
4294967278,5
4294967279,225
4294967278,225
4294967278,222
4294967294,388
4294967278,223
4294967279,222
4294967278,221
4294967279,220
4294967278,219
4294967279,217
15,5
4294967278,216
15,4
4294967279,215
4294967278,215
4294967278,540
4294967279,213
4294967279,346
4294967278,539
4294967278,538
4294967279,345
4294967278,537
4294967279,210
4294967278,209
4294967279,209
4294967278,208
15,6
4294967294,89
4294967279,206
4294967279,208
4294967278,207
4294967279,207
15,2
15,1
4294967279,344
4294967278,206
4294967278,536
4294967279,343
4294967278,204
4294967279,204
4294967278,4
4294967278,535
4294967279,342
4294967278,202
4294967279,341
4294967279,132
4294967279,131
4294967279,130
4294967279,129
4294967279,128
4294967279,127
4294967279,126
4294967279,125
4294967279,124
4294967279,123
4294967278,534
4294967279,340
4294967278,200
4294967279,339
4294967278,533
4294967279,338
4294967278,198
4294967279,337
4294967278,532
4294967279,336
4294967278,531
4294967279,335
4294967278,530
4294967279,334
4294967279,122
4294967279,121
4294967279,120
4294967278,194
4294967279,333
4294967278,529
4294967279,193
4294967279,119
4294967279,118
4294967279,117
4294967279,116
4294967279,115
4294967279,114
4294967279,113
4294967279,112
4294967279,111
4294967279,110
4294967279,109
4294967279,108
4294967279,107
4294967279,332
4294967278,528
8,2
4294967279,191
4294967278,111
4294967278,110
4294967278,109
4294967278,108
4294967278,104
4294967278,103
4294967278,102
4294967278,99
4294967278,98
4294967278,95
4294967278,94
4294967278,92
4294967278,91
4294967278,90
4294967278,87
4294967278,86
4294967278,85
4294967278,83
4294967278,82
4294967278,79
4294967278,78
4294967279,106
4294967279,105
4294967279,104
4294967279,103
4294967279,102
4294967279,101
4294967279,100
4294967279,99
4294967279,98
4294967279,97
4294967279,96
4294967279,95
4294967279,94
4294967279,93
4294967279,92
4294967279,91
4294967279,90
4294967279,89
4294967279,87
4294967279,86
4294967279,85
4294967279,84
4294967279,83
4294967279,82
4294967279,81
4294967279,80
4294967279,79
4294967278,527
4294967279,190
4294967279,331
4294967294,393
4294967294,392
4294967294,46
4294967294,389
4294967294,114
4294967294,120
4294967294,2
4294967278,526
4294967278,75
4294967279,330
4294967278,187
4294967278,525
4294967278,74
4294967279,329
4294967278,186
4294967279,186
4294967278,185
4294967278,524
4294967278,72
4294967279,185
4294967279,328
4294967279,184
4294967279,183
4294967279,180
4294967279,182
14,5
14,4
4294967279,181
14,3
14,2
14,1
4294967279,319
4294967278,523
4294967279,327
4294967294,1067
4294967294,1066
4294967294,1064
4294967294,1063
4294967294,1058
4294967294,1047
4294967294,157
4294967294,155
4294967294,154
4294967294,153
4294967294,152
4294967294,60
4294967294,10
4294967294,198
4294967294,197
4294967294,196
4294967294,195
4294967294,194
4294967294,193
4294967294,192
4294967294,1042
4294967294,1041
4294967294,1040
4294967294,1039
4294967294,1038
4294967294,1037
4294967294,1036
4294967294,1035
4294967294,1034
4294967294,1032
4294967294,1030
4294967294,1027
4294967294,1026
4294967294,1025
4294967294,1024
4294967294,436
4294967294,401
4294967294,190
4294967294,185
4294967294,182
4294967294,176
4294967294,173
